39.827858,39.827858,,
39.827858,39.827858,,
39.534813,39.730175,,
39.534813,39.681335,,
39.827858,39.710640,,
39.827858,39.730175,,
39.827858,39.744129,,
39.827858,39.754593,,
39.241798,39.697617,,
39.827858,39.710640,,
40.120872,39.747932,,
39.534813,39.723198,,
40.413940,39.769245,,
39.827858,39.772911,,
39.827858,39.776146,,
39.827858,39.779018,,
39.827858,39.781590,,
39.827858,39.783905,,
39.827858,39.785999,,
39.827858,39.787903,,
39.241798,39.764160,,
39.827858,39.766815,,
39.827858,39.769257,,
39.827858,39.771511,,
39.827858,39.773602,,
39.241798,39.754608,,
39.827858,39.757133,,
39.827858,39.759495,,
39.534813,39.752243,,
39.827858,39.754608,,
39.827858,39.756828,,
39.534813,39.750298,,
39.827858,39.752514,,
39.534813,39.746468,,
40.120872,39.756584,,
40.413940,39.773884,,
40.120872,39.782780,,
40.120872,39.791233,,
39.827858,39.791233,,
40.120872,39.798557,,
40.120872,39.813210,,
40.120872,39.827858,,
40.120872,39.835182,,
40.120872,39.842506,,
40.413940,39.857159,,
39.827858,39.857159,,
40.120872,39.879135,,
40.413940,39.893787,,
40.120872,39.893787,,
39.827858,39.901115,,
40.120872,39.908440,,
40.120872,39.923088,,
39.827858,39.908440,,
40.413940,39.923088,,
40.120872,39.930412,,
39.827858,39.930412,,
40.413940,39.967041,,
40.120872,39.974365,,
40.413940,40.003670,,
40.120872,40.010994,,
40.413940,40.025642,,
39.827858,40.025642,,
40.120872,40.032967,,
40.706959,40.069595,,
40.120872,40.076920,,
40.413940,40.091572,,
40.706959,40.120872,,
40.413940,40.135525,,
40.120872,40.142849,,
39.827858,40.150177,,
40.413940,40.164829,,
40.413940,40.186806,,
40.120872,40.186806,,
40.706959,40.194130,,
40.706959,40.208782,,
40.120872,40.208782,,
40.413940,40.223434,,
40.706959,40.238087,,
40.413940,40.245415,,
40.706959,40.260063,,
40.413940,40.267391,,
41.000023,40.289371,,
40.413940,40.289371,,
40.706959,40.311348,,
40.413940,40.318672,,
40.120872,40.311348,,
40.413940,40.318672,,
40.120872,40.325996,,
40.413940,40.333324,,
40.413940,40.340652,,
40.706959,40.362629,,
40.413940,40.362629,,
40.706959,40.377281,,
40.413940,40.391930,,
40.706959,40.413906,,
41.000023,40.421234,,
40.706959,40.428558,,
40.413940,40.435886,,
40.413940,40.435886,,
40.706959,40.450539,,
40.413940,40.450539,,
40.706959,40.494492,,
40.706959,40.509144,,
40.413940,40.509144,,
41.000023,40.516472,,
40.706959,40.523796,,
40.120872,40.523796,,
41.000023,40.553097,,
40.706959,40.560421,,
40.413940,40.560421,,
40.413940,40.567749,,
40.706959,40.567749,,
40.706959,40.567749,,
41.293041,40.597054,,
40.413940,40.597054,,
41.000023,40.604382,,
40.413940,40.604382,,
40.706959,40.604382,,
40.706959,40.611706,,
41.000023,40.611706,,
40.706959,40.619030,,
40.706959,40.619030,,
40.706959,40.626354,,
40.706959,40.641006,,
41.000023,40.655659,,
40.706959,40.670311,,
41.000023,40.684959,,
41.000023,40.699612,,
41.000023,40.706940,,
40.413940,40.706940,,
41.000023,40.714268,,
40.413940,40.714268,,
41.000023,40.721596,,
40.706959,40.714268,,
40.706959,40.714268,,
40.706959,40.721592,,
41.293041,40.743568,,
40.706959,40.743568,,
41.293041,40.765549,,
40.706959,40.758221,,
40.706959,40.758221,,
41.000023,40.765549,,
40.413940,40.758224,,
41.293041,40.780205,,
41.293041,40.787529,,
40.706959,40.787529,,
41.293041,40.831490,,
40.706959,40.838814,,
41.000023,40.853466,,
40.706959,40.853466,,
40.706959,40.853466,,
40.706959,40.838814,,
40.706959,40.846138,,
41.293041,40.853462,,
41.000023,40.868114,,
40.706959,40.868114,,
41.000023,40.875443,,
41.000023,40.875443,,
41.293041,40.890099,,
41.293041,40.904751,,
41.293041,40.919407,,
40.706959,40.919407,,
41.000023,40.919407,,
41.000023,40.926735,,
41.293041,40.934059,,
41.000023,40.934059,,
41.000023,40.934059,,
41.000023,40.948711,,
40.706959,40.941383,,
41.293041,40.963364,,
41.000023,40.963364,,
41.000023,40.970692,,
41.000023,40.978020,,
41.293041,40.992672,,
41.000023,40.985344,,
41.000023,40.992672,,
41.293041,40.992672,,
41.000023,41.000000,,
41.293041,41.014656,,
40.706959,41.007328,,
40.413940,41.007328,,
41.879128,41.021980,,
41.000023,41.014652,,
41.293041,41.029305,,
41.293041,41.029305,,
41.000023,41.029305,,
41.000023,41.021980,,
41.000023,41.029305,,
40.706959,41.021980,,
41.000023,41.029305,,
41.000023,41.036633,,
41.293041,41.065941,,
41.000023,41.065941,,
41.000023,41.073265,,
41.000023,41.073265,,
41.293041,41.080593,,
41.000023,41.073265,,
41.000023,41.065941,,
41.000023,41.058613,,
41.000023,41.065941,,
41.293041,41.073265,,
41.293041,41.080593,,
41.000023,41.073265,,
41.293041,41.080593,,
41.586109,41.095245,,
41.293041,41.102573,,
41.293041,41.117226,,
41.293041,41.117226,,
41.293041,41.124554,,
40.706959,41.117226,,
41.293041,41.124554,,
41.293041,41.124554,,
41.000023,41.124554,,
41.293041,41.131882,,
41.000023,41.124554,,
41.586109,41.139206,,
41.293041,41.139206,,
41.293041,41.153862,,
41.293041,41.175838,,
41.293041,41.161186,,
41.293041,41.168514,,
41.293041,41.168514,,
41.000023,41.161186,,
41.293041,41.168514,,
41.293041,41.175842,,
41.879128,41.197823,,
40.706959,41.197823,,
41.293041,41.205147,,
41.293041,41.212475,,
41.293041,41.219803,,
41.293041,41.212479,,
41.586109,41.219803,,
41.293041,41.227131,,
41.293041,41.234459,,
41.293041,41.241783,,
41.293041,41.241783,,
41.293041,41.256439,,
41.293041,41.263767,,
41.293041,41.263767,,
42.172192,41.285744,,
41.293041,41.293072,,
41.000023,41.285744,,
41.293041,41.278419,,
40.706959,41.263767,,
41.293041,41.263767,,
41.293041,41.263767,,
41.293041,41.263767,,
41.000023,41.271095,,
41.586109,41.278419,,
41.000023,41.271091,,
41.293041,41.278419,,
41.293041,41.278419,,
41.293041,41.285744,,
41.293041,41.278419,,
41.293041,41.278419,,
41.293041,41.278419,,
41.000023,41.271095,,
41.293041,41.271095,,
40.706959,41.256439,,
41.586109,41.263763,,
41.000023,41.263763,,
41.293041,41.263763,,
41.293041,41.263763,,
41.293041,41.249111,,
41.293041,41.263767,,
41.293041,41.263767,,
40.706959,41.249111,,
41.586109,41.256435,,
41.586109,41.263760,,
41.000023,41.249107,,
41.293041,41.249107,,
41.293041,41.249107,,
41.000023,41.241783,,
41.293041,41.241783,,
41.293041,41.249107,,
41.293041,41.249107,,
41.293041,41.249107,,
41.586109,41.256432,,
41.293041,41.256432,,
41.000023,41.227127,,
41.293041,41.227127,,
41.293041,41.249107,,
41.586109,41.256432,,
41.586109,41.263756,,
41.586109,41.271080,,
41.293041,41.278408,,
41.586109,41.278408,,
41.293041,41.285736,,
41.293041,41.285736,,
41.586109,41.293060,,
41.293041,41.293060,,
41.293041,41.293060,,
41.586109,41.300385,,
41.293041,41.300385,,
41.293041,41.307713,,
41.293041,41.307713,,
41.000023,41.315041,,
41.586109,41.315041,,
41.293041,41.322365,,
41.000023,41.315041,,
41.586109,41.322365,,
41.879128,41.337013,,
41.000023,41.329689,,
41.586109,41.337013,,
41.293041,41.351665,,
41.586109,41.351665,,
41.293041,41.344341,,
41.586109,41.358994,,
41.586109,41.366318,,
41.293041,41.366318,,
41.586109,41.380970,,
42.172192,41.402946,,
41.586109,41.410271,,
41.586109,41.417595,,
42.172192,41.439575,,
41.586109,41.439575,,
42.172192,41.461555,,
41.293041,41.468880,,
41.879128,41.483532,,
41.293041,41.483532,,
42.172192,41.505512,,
41.293041,41.505512,,
41.586109,41.505512,,
41.586109,41.505512,,
41.293041,41.498188,,
41.000023,41.490860,,
41.293041,41.490860,,
41.586109,41.490860,,
41.879128,41.505512,,
41.000023,41.498184,,
41.586109,41.498184,,
41.293041,41.498184,,
41.293041,41.498184,,
41.293041,41.498184,,
42.172192,41.527489,,
41.879128,41.534817,,
41.586109,41.542141,,
41.293041,41.549469,,
41.293041,41.542145,,
41.586109,41.534817,,
41.586109,41.549469,,
41.586109,41.549469,,
41.293041,41.549469,,
41.293041,41.542145,,
41.586109,41.549469,,
41.000023,41.534817,,
42.172192,41.549473,,
41.586109,41.556797,,
42.172192,41.571449,,
41.586109,41.556797,,
41.586109,41.556797,,
41.586109,41.556797,,
41.586109,41.542141,,
41.586109,41.542141,,
42.172192,41.542141,,
41.586109,41.549465,,
41.000023,41.527489,,
41.586109,41.534813,,
41.586109,41.520157,,
41.586109,41.527481,,
41.879128,41.534809,,
41.586109,41.534809,,
42.172192,41.556786,,
42.172192,41.586094,,
42.172192,41.608070,,
41.293041,41.600746,,
41.293041,41.600746,,
41.293041,41.593422,,
41.000023,41.571445,,
41.293041,41.578773,,
41.293041,41.571449,,
41.293041,41.586098,,
41.293041,41.564121,,
41.293041,41.549469,,
42.172192,41.564125,,
41.293041,41.564125,,
42.172192,41.586102,,
41.293041,41.578777,,
41.293041,41.571453,,
41.293041,41.564129,,
41.586109,41.571453,,
41.000023,41.564125,,
41.293041,41.556801,,
41.879128,41.578781,,
42.172192,41.578781,,
41.586109,41.578781,,
41.879128,41.571453,,
41.879128,41.578781,,
41.293041,41.571457,,
41.293041,41.564133,,
41.586109,41.564133,,
41.586109,41.564133,,
41.293041,41.542152,,
41.879128,41.549480,,
41.879128,41.571461,,
41.879128,41.578789,,
41.293041,41.571465,,
41.586109,41.571465,,
41.586109,41.564137,,
41.586109,41.564137,,
41.586109,41.549480,,
41.879128,41.542152,,
41.586109,41.527500,,
42.172192,41.549477,,
41.586109,41.556801,,
41.586109,41.564125,,
41.879128,41.586105,,
41.586109,41.593430,,
41.293041,41.593430,,
41.293041,41.578777,,
41.586109,41.586102,,
42.172192,41.608082,,
41.586109,41.615406,,
41.586109,41.622730,,
41.586109,41.608074,,
42.172192,41.630054,,
41.586109,41.630051,,
42.172192,41.652031,,
41.586109,41.652031,,
41.293041,41.659355,,
41.586109,41.666679,,
41.879128,41.666679,,
41.586109,41.652027,,
41.586109,41.652027,,
41.293041,41.637375,,
41.293041,41.622723,,
41.586109,41.630047,,
41.293041,41.630047,,
41.000023,41.615395,,
41.293041,41.608070,,
41.293041,41.608070,,
42.172192,41.615398,,
42.172192,41.622726,,
41.586109,41.615398,,
41.586109,41.622723,,
41.586109,41.622723,,
41.879128,41.630051,,
41.000023,41.615398,,
41.586109,41.615398,,
42.172192,41.622726,,
41.293041,41.615402,,
41.293041,41.593422,,
42.172192,41.608078,,
41.586109,41.608078,,
41.879128,41.608078,,
41.586109,41.608078,,
41.879128,41.622730,,
42.172192,41.644707,,
41.879128,41.652035,,
41.879128,41.644707,,
41.293041,41.637383,,
41.586109,41.637383,,
41.586109,41.637383,,
42.172192,41.637383,,
42.172192,41.644711,,
41.586109,41.652035,,
41.879128,41.659363,,
41.879128,41.652035,,
41.879128,41.659363,,
41.293041,41.659363,,
41.879128,41.666691,,
41.879128,41.674019,,
41.586109,41.681343,,
41.000023,41.674015,,
42.172192,41.688667,,
41.879128,41.703320,,
42.172192,41.732628,,
41.586109,41.739952,,
41.586109,41.747276,,
41.293041,41.725296,,
41.879128,41.717968,,
41.586109,41.717968,,
41.293041,41.710644,,
41.586109,41.710644,,
41.586109,41.703316,,
41.293041,41.710644,,
41.586109,41.710644,,
41.293041,41.688667,,
42.172192,41.710644,,
41.879128,41.725296,,
41.879128,41.717968,,
41.879128,41.725296,,
41.586109,41.717968,,
41.586109,41.717968,,
41.586109,41.710640,,
42.172192,41.710640,,
41.586109,41.703316,,
42.172192,41.710640,,
42.172192,41.732620,,
42.172192,41.747276,,
41.586109,41.747276,,
41.586109,41.732620,,
41.879128,41.725292,,
41.879128,41.732620,,
41.586109,41.725292,,
41.879128,41.725292,,
41.586109,41.717964,,
41.879128,41.732616,,
41.879128,41.732616,,
41.293041,41.725292,,
41.000023,41.703316,,
41.586109,41.695988,,
41.879128,41.703316,,
41.586109,41.717964,,
41.293041,41.695988,,
41.586109,41.688660,,
41.293041,41.666679,,
41.586109,41.674004,,
41.586109,41.666679,,
41.879128,41.674004,,
41.586109,41.681328,,
41.879128,41.688656,,
41.586109,41.688656,,
41.293041,41.688656,,
41.879128,41.695984,,
41.586109,41.703308,,
41.586109,41.688652,,
42.172192,41.695980,,
41.293041,41.681328,,
41.879128,41.681328,,
41.293041,41.674004,,
41.586109,41.674004,,
41.879128,41.681332,,
41.586109,41.666679,,
41.879128,41.674004,,
41.293041,41.652027,,
42.172192,41.652027,,
42.172192,41.652027,,
42.172192,41.666679,,
41.293041,41.659355,,
41.879128,41.659355,,
41.586109,41.652031,,
41.586109,41.652031,,
41.879128,41.652031,,
41.879128,41.659355,,
41.293041,41.644707,,
41.879128,41.644707,,
41.586109,41.652031,,
42.172192,41.681335,,
41.586109,41.681335,,
42.172192,41.688663,,
41.586109,41.688663,,
41.293041,41.688663,,
41.879128,41.695992,,
41.293041,41.688667,,
41.586109,41.688667,,
41.586109,41.695992,,
41.293041,41.688667,,
41.293041,41.681343,,
41.293041,41.666691,,
41.586109,41.666691,,
41.586109,41.674015,,
41.293041,41.659363,,
41.879128,41.666691,,
41.586109,41.666691,,
41.879128,41.659363,,
41.586109,41.666687,,
41.879128,41.666687,,
41.586109,41.674011,,
41.586109,41.674011,,
41.586109,41.666683,,
41.586109,41.666683,,
41.879128,41.666683,,
41.879128,41.681335,,
41.586109,41.666679,,
41.586109,41.652027,,
42.172192,41.652027,,
41.879128,41.666679,,
41.586109,41.659351,,
41.879128,41.666679,,
41.586109,41.666679,,
41.586109,41.659351,,
41.586109,41.652023,,
41.879128,41.666676,,
41.879128,41.666676,,
41.586109,41.666676,,
41.879128,41.659348,,
42.172192,41.674004,,
41.879128,41.666676,,
41.586109,41.666676,,
41.879128,41.681328,,
42.172192,41.688652,,
41.586109,41.695976,,
41.586109,41.695976,,
41.879128,41.703304,,
42.172192,41.725285,,
41.879128,41.739937,,
42.172192,41.761913,,
41.879128,41.769241,,
41.586109,41.769241,,
41.879128,41.769241,,
41.879128,41.776569,,
41.586109,41.783894,,
42.172192,41.791222,,
42.172192,41.805874,,
41.586109,41.798546,,
41.293041,41.783897,,
42.172192,41.798550,,
41.879128,41.805878,,
41.879128,41.813206,,
42.172192,41.820534,,
41.586109,41.813206,,
41.586109,41.813206,,
41.879128,41.820534,,
41.586109,41.805878,,
41.586109,41.798550,,
41.586109,41.798550,,
41.879128,41.798550,,
41.586109,41.798550,,
41.879128,41.805878,,
42.172192,41.820534,,
41.293041,41.805882,,
41.879128,41.805882,,
41.879128,41.813210,,
41.879128,41.813210,,
41.586109,41.798553,,
41.586109,41.791225,,
41.586109,41.791225,,
41.879128,41.791225,,
41.879128,41.783897,,
41.586109,41.783897,,
42.172192,41.798553,,
42.172192,41.805882,,
41.879128,41.798553,,
41.879128,41.798553,,
42.172192,41.798553,,
41.586109,41.791225,,
42.172192,41.805882,,
41.879128,41.805882,,
41.879128,41.805882,,
41.000023,41.791229,,
41.586109,41.776573,,
41.586109,41.761921,,
41.586109,41.761921,,
41.586109,41.761921,,
42.172192,41.776573,,
42.172192,41.798553,,
42.172192,41.798553,,
41.586109,41.791225,,
41.879128,41.791225,,
41.879128,41.783897,,
42.172192,41.798553,,
42.172192,41.813210,,
41.879128,41.820534,,
41.586109,41.820534,,
41.586109,41.813210,,
42.172192,41.827862,,
41.879128,41.827862,,
41.586109,41.813210,,
41.879128,41.827858,,
41.879128,41.827858,,
41.879128,41.827858,,
41.879128,41.827858,,
41.879128,41.835186,,
41.879128,41.842514,,
41.000023,41.827862,,
41.879128,41.827862,,
41.879128,41.827862,,
41.879128,41.835190,,
42.172192,41.835190,,
41.586109,41.820534,,
41.586109,41.813210,,
41.879128,41.813210,,
41.879128,41.805882,,
42.465210,41.827858,,
42.172192,41.827858,,
42.172192,41.835186,,
41.586109,41.827858,,
41.879128,41.849838,,
41.879128,41.857166,,
41.879128,41.864494,,
41.879128,41.871819,,
41.879128,41.879147,,
41.879128,41.871819,,
42.172192,41.871819,,
42.465210,41.879143,,
41.586109,41.879143,,
41.879128,41.879143,,
41.879128,41.879143,,
41.879128,41.879143,,
41.879128,41.886471,,
42.465210,41.893795,,
42.172192,41.893795,,
41.879128,41.893795,,
42.172192,41.908451,,
41.879128,41.915779,,
41.879128,41.908451,,
41.879128,41.908451,,
41.586109,41.901123,,
41.879128,41.901123,,
42.172192,41.908451,,
42.172192,41.915779,,
41.879128,41.915779,,
41.879128,41.937756,,
42.465210,41.952408,,
41.879128,41.952408,,
42.172192,41.959736,,
41.879128,41.952408,,
41.879128,41.959736,,
42.172192,41.974388,,
42.465210,41.989040,,
41.879128,41.989040,,
41.879128,41.974388,,
42.172192,41.974388,,
41.879128,41.967064,,
41.879128,41.974388,,
41.879128,41.974388,,
41.586109,41.967064,,
42.172192,41.974388,,
41.879128,41.974388,,
41.879128,41.974388,,
42.172192,41.981716,,
42.172192,41.981716,,
42.172192,41.974392,,
41.879128,41.981720,,
41.879128,41.981720,,
41.879128,41.981720,,
41.586109,41.974392,,
42.172192,41.981720,,
41.879128,41.967068,,
42.172192,41.967068,,
41.879128,41.967068,,
42.172192,41.967068,,
42.172192,41.974396,,
42.172192,41.981724,,
41.879128,41.989052,,
41.879128,41.989052,,
42.172192,41.996376,,
41.879128,42.003704,,
42.465210,42.018356,,
41.879128,42.011028,,
42.465210,42.025681,,
41.879128,42.011028,,
41.879128,42.011028,,
42.172192,42.011028,,
41.879128,42.011028,,
42.172192,42.018356,,
41.879128,42.011028,,
41.879128,41.996376,,
41.879128,41.996376,,
42.172192,42.003704,,
42.172192,42.003704,,
42.172192,42.011032,,
42.465210,42.025684,,
42.465210,42.040337,,
42.172192,42.054989,,
42.465210,42.062313,,
41.879128,42.062313,,
41.879128,42.062313,,
42.465210,42.069637,,
42.465210,42.076962,,
41.879128,42.069633,,
42.172192,42.076962,,
42.172192,42.084290,,
41.879128,42.084290,,
42.465210,42.106270,,
41.879128,42.098942,,
42.172192,42.106270,,
41.879128,42.098942,,
41.586109,42.091614,,
41.879128,42.084286,,
42.758278,42.098938,,
41.879128,42.091610,,
41.879128,42.091610,,
42.465210,42.106262,,
41.879128,42.098934,,
42.172192,42.106262,,
42.172192,42.098938,,
41.879128,42.098938,,
42.172192,42.098938,,
42.172192,42.106266,,
42.172192,42.098942,,
42.758278,42.120918,,
42.465210,42.135571,,
42.465210,42.142895,,
41.879128,42.142895,,
42.758278,42.172203,,
41.879128,42.172203,,
42.465210,42.179527,,
41.879128,42.172199,,
42.172192,42.172199,,
42.758278,42.179527,,
42.465210,42.179527,,
42.465210,42.186852,,
42.465210,42.186852,,
42.172192,42.194176,,
42.172192,42.201504,,
42.758278,42.208832,,
41.879128,42.194180,,
41.586109,42.186852,,
42.465210,42.194176,,
42.172192,42.194176,,
42.758278,42.216156,,
42.465210,42.216156,,
42.465210,42.230808,,
42.172192,42.230808,,
41.879128,42.230808,,
41.879128,42.238136,,
41.879128,42.238136,,
41.879128,42.216156,,
42.465210,42.230808,,
41.879128,42.230808,,
42.758278,42.238136,,
42.758278,42.260113,,
42.465210,42.267437,,
42.465210,42.274761,,
42.465210,42.289413,,
42.465210,42.296738,,
42.758278,42.311390,,
42.465210,42.318714,,
42.172192,42.304062,,
42.465210,42.304062,,
42.758278,42.311390,,
42.465210,42.326042,,
41.879128,42.318714,,
42.465210,42.326038,,
42.465210,42.318710,,
41.879128,42.318710,,
42.172192,42.311386,,
42.758278,42.333366,,
42.465210,42.340691,,
41.879128,42.311386,,
42.758278,42.318714,,
42.465210,42.326038,,
42.465210,42.333363,,
41.879128,42.311382,,
42.465210,42.326035,,
42.758278,42.355339,,
41.879128,42.340691,,
41.879128,42.333363,,
42.172192,42.318710,,
42.465210,42.318710,,
42.172192,42.311386,,
42.758278,42.326038,,
41.879128,42.326038,,
43.344360,42.362667,,
42.465210,42.377319,,
42.465210,42.391972,,
42.465210,42.391972,,
42.465210,42.406624,,
42.758278,42.406624,,
43.051292,42.413948,,
42.758278,42.421272,,
42.758278,42.428600,,
43.051292,42.443253,,
42.465210,42.443253,,
41.879128,42.421272,,
42.465210,42.421272,,
41.879128,42.413948,,
42.758278,42.421272,,
41.879128,42.399296,,
42.758278,42.406624,,
42.758278,42.428600,,
42.758278,42.435928,,
42.465210,42.435928,,
41.879128,42.435928,,
42.758278,42.450581,,
43.051292,42.457905,,
42.465210,42.457905,,
43.051292,42.487206,,
42.758278,42.487206,,
42.465210,42.501858,,
42.465210,42.494530,,
42.758278,42.501858,,
42.758278,42.509186,,
41.879128,42.509186,,
43.051292,42.523838,,
42.758278,42.545815,,
43.051292,42.567791,,
43.051292,42.582443,,
42.465210,42.589767,,
42.758278,42.589767,,
42.758278,42.611748,,
42.758278,42.597095,,
42.465210,42.597095,,
42.758278,42.604424,,
42.758278,42.611748,,
43.051292,42.626400,,
42.758278,42.626400,,
42.758278,42.619076,,
42.465210,42.611748,,
43.051292,42.619072,,
42.465210,42.604424,,
42.758278,42.611748,,
43.051292,42.641052,,
43.051292,42.655704,,
42.465210,42.670357,,
43.051292,42.677681,,
43.344360,42.714310,,
43.051292,42.721634,,
41.879128,42.699654,,
42.758278,42.699654,,
43.051292,42.714306,,
43.051292,42.743610,,
42.758278,42.743610,,
43.051292,42.743610,,
43.051292,42.758263,,
43.051292,42.758263,,
43.051292,42.765587,,
43.051292,42.780235,,
42.758278,42.787563,,
43.051292,42.794888,,
43.051292,42.802212,,
42.758278,42.824192,,
43.051292,42.853493,,
42.758278,42.853493,,
43.344360,42.860821,,
43.344360,42.875473,,
43.051292,42.875473,,
42.758278,42.868149,,
42.758278,42.875477,,
43.344360,42.904778,,
43.051292,42.919426,,
43.051292,42.926750,,
43.344360,42.941402,,
43.344360,42.948730,,
43.051292,42.956055,,
43.051292,42.963379,,
43.051292,42.978031,,
42.758278,42.970707,,
43.051292,42.985359,,
43.051292,42.992683,,
43.344360,43.000008,,
43.051292,43.000008,,
41.879128,42.985359,,
43.344360,42.992683,,
43.051292,42.985359,,
43.344360,42.992683,,
43.051292,43.021988,,
42.758278,43.021988,,
43.637379,43.036640,,
43.051292,43.036640,,
43.051292,43.043964,,
43.051292,43.043964,,
42.758278,43.036640,,
43.344360,43.043968,,
43.930420,43.065945,,
43.051292,43.065945,,
43.344360,43.080597,,
43.051292,43.080597,,
43.344360,43.087925,,
43.051292,43.095249,,
43.637379,43.109901,,
43.051292,43.117226,,
43.344360,43.117226,,
43.344360,43.117226,,
43.051292,43.117226,,
43.051292,43.124550,,
43.930420,43.153851,,
43.637379,43.168503,,
43.344360,43.175831,,
43.637379,43.183155,,
43.051292,43.183155,,
43.344360,43.190483,,
43.051292,43.183155,,
43.344360,43.183155,,
43.637379,43.212460,,
43.637379,43.234436,,
43.344360,43.241764,,
43.051292,43.241764,,
43.930420,43.256416,,
43.344360,43.263741,,
43.637379,43.307697,,
43.051292,43.300369,,
43.637379,43.315022,,
43.344360,43.315022,,
43.637379,43.329674,,
43.637379,43.351646,,
43.344360,43.344322,,
43.637379,43.358974,,
43.051292,43.358974,,
43.344360,43.366302,,
43.930420,43.395607,,
43.051292,43.388279,,
43.637379,43.380951,,
43.637379,43.395603,,
43.051292,43.388275,,
43.637379,43.402927,,
43.930420,43.417580,,
43.051292,43.417580,,
43.637379,43.417580,,
43.344360,43.424904,,
43.930420,43.439556,,
43.344360,43.439556,,
43.051292,43.439556,,
43.051292,43.439556,,
43.930420,43.439556,,
43.344360,43.432232,,
43.637379,43.439556,,
43.637379,43.439556,,
43.637379,43.454208,,
43.051292,43.446880,,
43.930420,43.468861,,
43.637379,43.476185,,
43.637379,43.483509,,
43.637379,43.490833,,
43.930420,43.498161,,
43.051292,43.483509,,
43.344360,43.483509,,
43.637379,43.498161,,
43.637379,43.490833,,
43.637379,43.512810,,
43.637379,43.512810,,
43.930420,43.527458,,
43.637379,43.527458,,
43.637379,43.527458,,
43.637379,43.534782,,
43.930420,43.542110,,
43.930420,43.564091,,
43.930420,43.578743,,
43.930420,43.578743,,
43.637379,43.593391,,
43.930420,43.600719,,
43.637379,43.600719,,
43.930420,43.622700,,
43.930420,43.630028,,
43.930420,43.630028,,
43.930420,43.652004,,
43.930420,43.659332,,
43.930420,43.673985,,
44.223438,43.681309,,
43.930420,43.695961,,
43.637379,43.710609,,
43.637379,43.725262,,
43.930420,43.725262,,
43.930420,43.739914,,
43.637379,43.739914,,
43.637379,43.739914,,
43.637379,43.739914,,
43.344360,43.747242,,
43.930420,43.747242,,
43.930420,43.754570,,
43.930420,43.761894,,
43.637379,43.761894,,
44.223438,43.769218,,
43.930420,43.791199,,
44.223438,43.813175,,
43.637379,43.813175,,
43.930420,43.820503,,
43.930420,43.827827,,
43.637379,43.827827,,
43.930420,43.835155,,
44.223438,43.849808,,
44.223438,43.857132,,
44.223438,43.871784,,
43.930420,43.879112,,
43.637379,43.879112,,
43.930420,43.879112,,
43.637379,43.871784,,
44.223438,43.886436,,
44.223438,43.893761,,
43.930420,43.901085,,
43.930420,43.901085,,
43.930420,43.901085,,
43.930420,43.901085,,
43.930420,43.901085,,
43.930420,43.901085,,
43.930420,43.901085,,
43.930420,43.893761,,
43.930420,43.893761,,
44.223438,43.908413,,
43.637379,43.908413,,
43.930420,43.908413,,
44.223438,43.915737,,
44.223438,43.930389,,
44.223438,43.945042,,
44.223438,43.959694,,
43.637379,43.967018,,
44.223438,43.974342,,
44.223438,43.981667,,
43.930420,43.981667,,
44.223438,43.996315,,
43.637379,43.981667,,
43.930420,43.981667,,
43.930420,43.974342,,
43.930420,43.981667,,
44.223438,43.988991,,
43.930420,43.988991,,
43.930420,43.996319,,
44.223438,44.003643,,
44.223438,44.003643,,
44.223438,44.003643,,
44.223438,44.003643,,
44.223438,44.010967,,
43.930420,44.010967,,
44.223438,44.018291,,
43.930420,44.025620,,
44.223438,44.032944,,
44.223438,44.047596,,
44.223438,44.047596,,
43.930420,44.040272,,
44.516502,44.054924,,
44.223438,44.062248,,
44.223438,44.069572,,
43.930420,44.069572,,
44.223438,44.076897,,
44.516502,44.091545,,
44.223438,44.098869,,
44.223438,44.098869,,
44.516502,44.120850,,
44.516502,44.135502,,
44.223438,44.135502,,
44.516502,44.142830,,
43.930420,44.135506,,
43.930420,44.128181,,
44.516502,44.150158,,
44.516502,44.157486,,
44.223438,44.157486,,
44.223438,44.164810,,
44.516502,44.172138,,
44.223438,44.186790,,
44.223438,44.194115,,
44.223438,44.201439,,
44.223438,44.208763,,
43.930420,44.201439,,
44.223438,44.208763,,
43.930420,44.208763,,
44.223438,44.208763,,
44.223438,44.208763,,
44.516502,44.216087,,
44.223438,44.216087,,
44.516502,44.223415,,
44.223438,44.230740,,
44.223438,44.230740,,
44.223438,44.238064,,
44.516502,44.245392,,
44.223438,44.245392,,
44.516502,44.252720,,
44.223438,44.260044,,
44.223438,44.267368,,
44.223438,44.274693,,
44.516502,44.274693,,
44.223438,44.274693,,
44.516502,44.282021,,
44.223438,44.289345,,
44.809521,44.303997,,
44.516502,44.311325,,
44.223438,44.303997,,
44.223438,44.296669,,
44.809521,44.311325,,
44.516502,44.311325,,
44.809521,44.333305,,
44.223438,44.340630,,
44.516502,44.340630,,
44.516502,44.340630,,
43.637379,44.325977,,
43.930420,44.318653,,
44.809521,44.325981,,
44.223438,44.325981,,
44.516502,44.333305,,
44.516502,44.340633,,
44.223438,44.340633,,
44.516502,44.355286,,
44.223438,44.355286,,
44.223438,44.362610,,
44.223438,44.362610,,
44.223438,44.362610,,
44.809521,44.369938,,
44.516502,44.377266,,
43.930420,44.362614,,
45.102589,44.384590,,
44.516502,44.391918,,
44.223438,44.391918,,
44.516502,44.391918,,
44.223438,44.391918,,
44.516502,44.391918,,
44.223438,44.391918,,
44.223438,44.391918,,
44.223438,44.391918,,
44.223438,44.384590,,
44.516502,44.391918,,
44.223438,44.384590,,
44.809521,44.399246,,
44.223438,44.384590,,
44.516502,44.384590,,
44.516502,44.391918,,
44.223438,44.384590,,
44.223438,44.384590,,
44.516502,44.391918,,
44.223438,44.377266,,
44.809521,44.384590,,
44.223438,44.369938,,
44.223438,44.362610,,
44.223438,44.377262,,
45.102589,44.406563,,
44.809521,44.406563,,
44.516502,44.413891,,
44.809521,44.421219,,
44.223438,44.413891,,
44.223438,44.413891,,
44.223438,44.406563,,
44.809521,44.421219,,
44.516502,44.428547,,
44.809521,44.443199,,
45.102589,44.465179,,
44.223438,44.450523,,
44.809521,44.457851,,
44.223438,44.465176,,
44.809521,44.457851,,
44.223438,44.450523,,
44.809521,44.465179,,
44.223438,44.457851,,
44.809521,44.472507,,
44.809521,44.479836,,
44.809521,44.494488,,
44.809521,44.509144,,
45.102589,44.531120,,
44.809521,44.545776,,
44.223438,44.538448,,
44.516502,44.545776,,
44.809521,44.545776,,
44.809521,44.560432,,
45.102589,44.575081,,
44.223438,44.567757,,
44.516502,44.575081,,
44.516502,44.582409,,
44.809521,44.589737,,
45.102589,44.611717,,
44.516502,44.604389,,
44.223438,44.604389,,
44.809521,44.611717,,
45.102589,44.633694,,
44.223438,44.633694,,
45.102589,44.655674,,
44.809521,44.648350,,
44.809521,44.648350,,
44.223438,44.655678,,
44.223438,44.655678,,
44.223438,44.655678,,
45.102589,44.663002,,
44.223438,44.655674,,
44.809521,44.655674,,
44.223438,44.633694,,
44.809521,44.648350,,
44.223438,44.633694,,
44.223438,44.633694,,
44.809521,44.633694,,
44.809521,44.648350,,
44.809521,44.648350,,
44.809521,44.663002,,
44.809521,44.663002,,
45.102589,44.670326,,
45.102589,44.677650,,
44.516502,44.670326,,
44.223438,44.648346,,
44.809521,44.648346,,
45.102589,44.670326,,
45.395607,44.692303,,
44.809521,44.692303,,
44.516502,44.684975,,
45.102589,44.684975,,
44.809521,44.699631,,
44.809521,44.706959,,
44.516502,44.706959,,
44.223438,44.692303,,
44.809521,44.684978,,
45.102589,44.699631,,
44.516502,44.706959,,
44.809521,44.706959,,
45.395607,44.714287,,
44.809521,44.728939,,
44.809521,44.721615,,
44.809521,44.721615,,
44.809521,44.721615,,
45.102589,44.728939,,
45.102589,44.736263,,
45.395607,44.765572,,
44.809521,44.780224,,
45.102589,44.802204,,
44.809521,44.794880,,
44.809521,44.809532,,
44.223438,44.846165,,
45.102589,44.868141,,
44.809521,44.882797,,
44.809521,44.882797,,
44.809521,44.882797,,
44.516502,44.875469,,
44.809521,44.875469,,
44.223438,44.860817,,
45.102589,44.860817,,
45.981689,44.882793,,
44.223438,44.875465,,
44.809521,44.890121,,
45.395607,44.904774,,
44.809521,44.897449,,
45.102589,44.890121,,
45.395607,44.904774,,
44.809521,44.912102,,
44.809521,44.904778,,
44.809521,44.904778,,
45.395607,44.919426,,
45.102589,44.934078,,
44.809521,44.948734,,
45.395607,44.963387,,
45.102589,44.963387,,
45.102589,44.978035,,
44.223438,44.963383,,
45.102589,44.956055,,
44.809521,44.956055,,
44.809521,44.956055,,
45.102589,44.963379,,
44.809521,44.963379,,
45.395607,44.970707,,
44.809521,44.963383,,
45.981689,44.978035,,
44.809521,44.978035,,
45.102589,44.978035,,
45.102589,44.985359,,
45.102589,44.992683,,
45.102589,44.985355,,
45.102589,44.970699,,
44.809521,44.985355,,
44.223438,44.963375,,
45.102589,44.970699,,
44.516502,44.963371,,
45.102589,44.970695,,
45.102589,45.021980,,
44.809521,45.014656,,
45.102589,44.992676,,
44.809521,45.007332,,
45.102589,45.014656,,
45.395607,45.014656,,
45.395607,45.029305,,
45.102589,45.029305,,
45.102589,45.021980,,
45.102589,45.029305,,
45.102589,45.036629,,
44.516502,45.029301,,
45.688671,45.036629,,
44.809521,45.029305,,
44.809521,45.029305,,
45.102589,45.021976,,
44.809521,45.014652,,
45.102589,45.014652,,
45.102589,45.036629,,
45.395607,45.043957,,
44.809521,45.043957,,
44.809521,45.043957,,
45.395607,45.051285,,
44.809521,45.051285,,
44.809521,45.036633,,
45.102589,45.043957,,
45.395607,45.029305,,
44.809521,45.029305,,
45.102589,45.029305,,
45.102589,45.029305,,
45.395607,45.036633,,
45.395607,45.043961,,
45.395607,45.051289,,
45.395607,45.065941,,
45.395607,45.095245,,
45.395607,45.102573,,
45.102589,45.117226,,
45.102589,45.117226,,
45.102589,45.109898,,
45.102589,45.109898,,
45.102589,45.109898,,
45.395607,45.124550,,
45.102589,45.124550,,
45.395607,45.139198,,
45.102589,45.139198,,
45.395607,45.139198,,
45.102589,45.139198,,
45.102589,45.139198,,
45.102589,45.139198,,
45.102589,45.153851,,
45.102589,45.139198,,
45.395607,45.153847,,
45.395607,45.168499,,
44.809521,45.161175,,
45.102589,45.168499,,
45.102589,45.168499,,
45.102589,45.168499,,
44.809521,45.153847,,
45.395607,45.168499,,
45.395607,45.183151,,
45.395607,45.183151,,
44.809521,45.183151,,
45.395607,45.197803,,
45.102589,45.197803,,
44.223438,45.168495,,
45.688671,45.190475,,
45.395607,45.197803,,
45.395607,45.205132,,
44.809521,45.190479,,
45.395607,45.190479,,
45.395607,45.190479,,
45.981689,45.205132,,
45.395607,45.205132,,
45.688671,45.212456,,
45.102589,45.212456,,
45.395607,45.219784,,
45.688671,45.234440,,
45.395607,45.241768,,
45.395607,45.249092,,
45.395607,45.249092,,
44.809521,45.241768,,
45.102589,45.234444,,
45.102589,45.234444,,
45.395607,45.234444,,
45.395607,45.241768,,
45.395607,45.241768,,
45.395607,45.249096,,
45.688671,45.263752,,
45.395607,45.271080,,
45.688671,45.285732,,
45.395607,45.300388,,
45.395607,45.315041,,
45.395607,45.322365,,
45.395607,45.329693,,
45.102589,45.329693,,
45.395607,45.344345,,
45.395607,45.344345,,
45.395607,45.344345,,
45.395607,45.344345,,
45.395607,45.358997,,
45.102589,45.351669,,
45.688671,45.366325,,
45.395607,45.395630,,
45.395607,45.388302,,
45.102589,45.380974,,
45.688671,45.388302,,
45.395607,45.402954,,
44.223438,45.373650,,
45.688671,45.380974,,
45.395607,45.366325,,
45.395607,45.366325,,
45.102589,45.351669,,
45.688671,45.366325,,
45.688671,45.373650,,
45.395607,45.366325,,
45.102589,45.358997,,
45.688671,45.366325,,
45.981689,45.380974,,
45.688671,45.402954,,
45.981689,45.424934,,
45.102589,45.424934,,
45.395607,45.424934,,
45.395607,45.424934,,
45.395607,45.424934,,
45.688671,45.432259,,
45.688671,45.432259,,
45.688671,45.439587,,
45.395607,45.432259,,
45.395607,45.432259,,
45.688671,45.432259,,
45.395607,45.432259,,
45.688671,45.439587,,
45.981689,45.454239,,
45.688671,45.461567,,
45.688671,45.476219,,
45.395607,45.483547,,
45.102589,45.476219,,
45.688671,45.483547,,
45.688671,45.498203,,
45.688671,45.498203,,
45.688671,45.505531,,
45.981689,45.520180,,
45.688671,45.534836,,
45.981689,45.542160,,
44.223438,45.512856,,
45.688671,45.549488,,
45.981689,45.556812,,
45.688671,45.564140,,
45.688671,45.571465,,
45.395607,45.578793,,
45.688671,45.578793,,
45.688671,45.578793,,
45.981689,45.593445,,
45.688671,45.608101,,
45.395607,45.600773,,
45.688671,45.593449,,
45.395607,45.586121,,
45.688671,45.578796,,
45.688671,45.593452,,
45.688671,45.600777,,
45.395607,45.600777,,
44.223438,45.571472,,
45.688671,45.571472,,
45.688671,45.571472,,
45.688671,45.571472,,
45.688671,45.578800,,
45.395607,45.578800,,
45.688671,45.578800,,
45.688671,45.586128,,
45.981689,45.593452,,
45.981689,45.593452,,
45.688671,45.593452,,
45.981689,45.600777,,
45.395607,45.593449,,
45.395607,45.593449,,
45.688671,45.600777,,
45.688671,45.615429,,
45.981689,45.622753,,
45.688671,45.622753,,
45.688671,45.622753,,
45.688671,45.608101,,
45.981689,45.608101,,
45.981689,45.652058,,
45.981689,45.659382,,
45.688671,45.652058,,
45.688671,45.652058,,
45.395607,45.644730,,
45.688671,45.652058,,
45.981689,45.659382,,
45.688671,45.659382,,
45.688671,45.652058,,
45.688671,45.652058,,
45.981689,45.666710,,
45.688671,45.666710,,
45.981689,45.681358,,
46.274757,45.696011,,
45.688671,45.696011,,
45.981689,45.703335,,
45.981689,45.717987,,
45.688671,45.754620,,
45.981689,45.761944,,
45.688671,45.761944,,
46.274757,45.776596,,
45.981689,45.783920,,
45.688671,45.791248,,
45.688671,45.791248,,
45.688671,45.791248,,
46.274757,45.798576,,
45.688671,45.791252,,
45.981689,45.798576,,
45.688671,45.791252,,
45.981689,45.805901,,
45.395607,45.805901,,
45.981689,45.813225,,
45.688671,45.813225,,
45.688671,45.805901,,
45.981689,45.813225,,
45.688671,45.813225,,
46.567772,45.827877,,
45.981689,45.849857,,
45.981689,45.857182,,
45.981689,45.857182,,
46.274757,45.864510,,
45.688671,45.857185,,
45.981689,45.864510,,
45.981689,45.879158,,
45.981689,45.879158,,
45.981689,45.886482,,
45.981689,45.893806,,
45.981689,45.901131,,
45.981689,45.901131,,
46.274757,45.915783,,
46.274757,45.923111,,
46.274757,45.923111,,
45.688671,45.923111,,
46.274757,45.930439,,
45.981689,45.930439,,
45.981689,45.937763,,
46.567772,45.952415,,
45.981689,45.959740,,
45.981689,45.952412,,
45.981689,45.952412,,
46.274757,45.967064,,
45.981689,45.974388,,
45.688671,45.974388,,
45.981689,45.967060,,
46.274757,45.981712,,
45.688671,45.974388,,
46.274757,45.989037,,
46.274757,45.996365,,
45.688671,46.003693,,
46.274757,46.011021,,
45.981689,46.018345,,
45.981689,46.025669,,
46.274757,46.032997,,
46.274757,46.047646,,
46.274757,46.040321,,
46.274757,46.047649,,
46.274757,46.054977,,
45.981689,46.054977,,
46.274757,46.054977,,
45.981689,46.062302,,
46.274757,46.069630,,
46.274757,46.084282,,
46.567772,46.106255,,
45.981689,46.106255,,
46.567772,46.120907,,
45.981689,46.120907,,
46.274757,46.128235,,
45.981689,46.128235,,
46.567772,46.150211,,
46.274757,46.150211,,
46.860840,46.179512,,
45.981689,46.172188,,
46.274757,46.179512,,
46.860840,46.201492,,
46.274757,46.194168,,
45.981689,46.194168,,
46.860840,46.216148,,
46.274757,46.223473,,
46.860840,46.238125,,
46.860840,46.260105,,
46.274757,46.274757,,
46.860840,46.296734,,
46.567772,46.304058,,
46.860840,46.333363,,
46.274757,46.333363,,
46.567772,46.340687,,
46.567772,46.362663,,
46.860840,46.377312,,
46.274757,46.384640,,
46.567772,46.399292,,
46.860840,46.413944,,
46.274757,46.413944,,
46.860840,46.428596,,
46.860840,46.443245,,
46.274757,46.443245,,
46.274757,46.450573,,
46.274757,46.450573,,
46.860840,46.472553,,
46.860840,46.487206,,
46.567772,46.494530,,
46.860840,46.501854,,
46.860840,46.523834,,
46.567772,46.523834,,
46.567772,46.538486,,
46.274757,46.538486,,
46.567772,46.553139,,
47.153858,46.560463,,
46.860840,46.582439,,
46.860840,46.589767,,
46.860840,46.604420,,
46.567772,46.597092,,
46.567772,46.611744,,
46.274757,46.611744,,
45.981689,46.604416,,
46.567772,46.597088,,
46.274757,46.597088,,
46.860840,46.597088,,
46.567772,46.589760,,
47.153858,46.611736,,
46.567772,46.604408,,
46.567772,46.604408,,
46.860840,46.604408,,
46.567772,46.611732,,
46.567772,46.611732,,
46.860840,46.619061,,
47.446922,46.633713,,
46.567772,46.641037,,
46.860840,46.648365,,
46.274757,46.633713,,
46.860840,46.648365,,
46.860840,46.648365,,
46.860840,46.648365,,
46.860840,46.663017,,
46.860840,46.677666,,
46.567772,46.684990,,
46.274757,46.670341,,
46.567772,46.663013,,
46.567772,46.663013,,
46.567772,46.655685,,
46.274757,46.641033,,
46.567772,46.641033,,
46.274757,46.633709,,
46.567772,46.641033,,
46.567772,46.641033,,
46.567772,46.626381,,
46.860840,46.626381,,
47.153858,46.633705,,
46.567772,46.626381,,
46.567772,46.626381,,
46.860840,46.633705,,
46.860840,46.648357,,
46.567772,46.655682,,
46.860840,46.663010,,
46.567772,46.677662,,
46.860840,46.684990,,
46.567772,46.692314,,
46.860840,46.692314,,
46.860840,46.699638,,
47.153858,46.728947,,
46.860840,46.728947,,
46.567772,46.728947,,
46.860840,46.736275,,
46.567772,46.728947,,
46.567772,46.706966,,
47.446922,46.728947,,
46.567772,46.721619,,
46.860840,46.736271,,
47.153858,46.743595,,
46.860840,46.743595,,
46.567772,46.736267,,
46.860840,46.736267,,
47.153858,46.743591,,
47.153858,46.758244,,
47.153858,46.780220,,
46.860840,46.787544,,
47.153858,46.802197,,
46.860840,46.809525,,
46.567772,46.816849,,
46.567772,46.816849,,
47.153858,46.838825,,
46.860840,46.846153,,
47.153858,46.860802,,
46.567772,46.860802,,
47.446922,46.875454,,
46.860840,46.868130,,
46.860840,46.875458,,
46.567772,46.875458,,
46.567772,46.868130,,
47.153858,46.875454,,
47.153858,46.890106,,
47.153858,46.897430,,
46.860840,46.904758,,
47.153858,46.912083,,
47.446922,46.934059,,
47.153858,46.941383,,
46.860840,46.941383,,
47.446922,46.956036,,
47.153858,46.948708,,
46.860840,46.941383,,
46.567772,46.934059,,
47.153858,46.948708,,
47.446922,46.963360,,
46.860840,46.970688,,
46.567772,46.978012,,
47.153858,46.985336,,
46.567772,46.970684,,
47.446922,46.985336,,
47.739941,47.014641,,
47.446922,47.029293,,
47.446922,47.036621,,
47.153858,47.036621,,
47.153858,47.036621,,
47.739941,47.058601,,
47.446922,47.065926,,
47.446922,47.080578,,
47.446922,47.102558,,
46.567772,47.102558,,
47.446922,47.109886,,
47.446922,47.124535,,
47.446922,47.131863,,
47.153858,47.146515,,
46.567772,47.124535,,
47.739941,47.146515,,
47.739941,47.168495,,
47.153858,47.183144,,
47.153858,47.197796,,
46.860840,47.190472,,
47.446922,47.197800,,
47.446922,47.205128,,
47.446922,47.219780,,
47.446922,47.227104,,
47.446922,47.227104,,
47.153858,47.227104,,
47.153858,47.234428,,
47.446922,47.234428,,
47.446922,47.241756,,
47.153858,47.249081,,
47.739941,47.278389,,
48.032982,47.300365,,
46.567772,47.278389,,
46.567772,47.271061,,
47.739941,47.285713,,
47.446922,47.293041,,
47.446922,47.315022,,
47.446922,47.322350,,
46.567772,47.322350,,
47.446922,47.322350,,
47.446922,47.315022,,
47.739941,47.337002,,
47.739941,47.351658,,
46.567772,47.322350,,
47.446922,47.322350,,
47.446922,47.322350,,
47.446922,47.322350,,
47.446922,47.344330,,
47.446922,47.344330,,
47.446922,47.344330,,
47.739941,47.351658,,
47.739941,47.366310,,
48.032982,47.402943,,
47.739941,47.402943,,
47.739941,47.402943,,
48.032982,47.424919,,
47.739941,47.439575,,
48.032982,47.468880,,
47.739941,47.476204,,
47.739941,47.483532,,
47.446922,47.483532,,
47.446922,47.483532,,
47.739941,47.490860,,
48.032982,47.512840,,
48.032982,47.534817,,
48.032982,47.549469,,
47.446922,47.549469,,
47.446922,47.556797,,
47.446922,47.549469,,
47.739941,47.542145,,
47.739941,47.571449,,
48.032982,47.608082,,
48.032982,47.615406,,
48.032982,47.630058,,
47.446922,47.630058,,
47.739941,47.637383,,
48.032982,47.674015,,
47.446922,47.674015,,
48.032982,47.688667,,
48.032982,47.703316,,
47.739941,47.703316,,
46.567772,47.674011,,
48.032982,47.681335,,
48.032982,47.717964,,
48.326000,47.739944,,
47.739941,47.747272,,
48.032982,47.769249,,
48.032982,47.783901,,
46.567772,47.754597,,
47.739941,47.754597,,
48.032982,47.754597,,
48.032982,47.761921,,
47.739941,47.761921,,
48.032982,47.761921,,
47.739941,47.761921,,
47.153858,47.739941,,
48.326000,47.754593,,
47.739941,47.754593,,
48.032982,47.769245,,
47.739941,47.776573,,
48.326000,47.791222,,
48.032982,47.791222,,
46.567772,47.754593,,
47.739941,47.747269,,
48.326000,47.769249,,
48.032982,47.783897,,
48.032982,47.798550,,
48.326000,47.813202,,
47.739941,47.813202,,
47.739941,47.805878,,
47.739941,47.798553,,
48.032982,47.798553,,
48.032982,47.813206,,
48.032982,47.820530,,
48.032982,47.820530,,
48.326000,47.842506,,
47.739941,47.835182,,
47.739941,47.827858,,
48.032982,47.835182,,
47.446922,47.857162,,
48.326000,47.864491,,
48.032982,47.864491,,
48.326000,47.864491,,
48.326000,47.879143,,
48.032982,47.893791,,
47.739941,47.893791,,
48.326000,47.901119,,
48.032982,47.901119,,
48.032982,47.937752,,
48.032982,47.945076,,
47.739941,47.937752,,
48.032982,47.945076,,
48.326000,47.959724,,
48.032982,47.981705,,
47.739941,47.967052,,
48.326000,47.981705,,
48.032982,47.981705,,
48.032982,47.989029,,
48.326000,47.989029,,
47.739941,47.981705,,
48.619068,48.032986,,
47.739941,48.032986,,
48.326000,48.032986,,
48.326000,48.040314,,
48.326000,48.047642,,
48.619068,48.054966,,
48.912086,48.084267,,
48.326000,48.098919,,
48.326000,48.113571,,
48.326000,48.120899,,
48.619068,48.135551,,
48.032982,48.135551,,
48.326000,48.142876,,
48.619068,48.150200,,
48.326000,48.164852,,
48.032982,48.172176,,
48.326000,48.179504,,
48.032982,48.194157,,
48.032982,48.186829,,
48.032982,48.186829,,
48.032982,48.179501,,
48.032982,48.172173,,
48.326000,48.179501,,
48.326000,48.194153,,
48.619068,48.201477,,
48.326000,48.208805,,
48.326000,48.216133,,
48.326000,48.223457,,
48.326000,48.238110,,
47.739941,48.230785,,
48.326000,48.238113,,
48.912086,48.260094,,
48.326000,48.260094,,
48.032982,48.260094,,
48.032982,48.267418,,
48.032982,48.260090,,
48.619068,48.296715,,
48.619068,48.318691,,
48.032982,48.304039,,
48.032982,48.311363,,
48.619068,48.318687,,
48.619068,48.326012,,
48.619068,48.333336,,
48.619068,48.333336,,
48.326000,48.318687,,
48.326000,48.318687,,
48.326000,48.318687,,
48.619068,48.326012,,
48.619068,48.326012,,
48.326000,48.333336,,
48.619068,48.340660,,
48.326000,48.333336,,
48.326000,48.333336,,
48.619068,48.347988,,
48.619068,48.355312,,
48.032982,48.355312,,
48.326000,48.362640,,
48.619068,48.377293,,
48.619068,48.391945,,
47.739941,48.384621,,
48.619068,48.391945,,
48.326000,48.391945,,
48.619068,48.391945,,
48.619068,48.399269,,
48.326000,48.399269,,
48.619068,48.406593,,
48.619068,48.413918,,
48.326000,48.428566,,
48.619068,48.435890,,
48.326000,48.421242,,
48.326000,48.421242,,
48.326000,48.428566,,
48.619068,48.443218,,
48.326000,48.450546,,
48.619068,48.450546,,
48.912086,48.457874,,
48.619068,48.457874,,
48.326000,48.450550,,
48.619068,48.465202,,
48.326000,48.472527,,
48.619068,48.472527,,
48.326000,48.457878,,
48.326000,48.457878,,
48.326000,48.457878,,
48.912086,48.472530,,
48.912086,48.479858,,
48.619068,48.479858,,
48.619068,48.487183,,
48.912086,48.494511,,
48.912086,48.509163,,
48.619068,48.516487,,
48.619068,48.516487,,
48.912086,48.523811,,
48.619068,48.538464,,
48.619068,48.545788,,
48.619068,48.545788,,
48.032982,48.531136,,
48.619068,48.553112,,
48.619068,48.553112,,
48.326000,48.553112,,
48.619068,48.553112,,
48.912086,48.560440,,
48.619068,48.567764,,
48.619068,48.567764,,
48.912086,48.575092,,
48.619068,48.582417,,
48.912086,48.589745,,
48.912086,48.604393,,
48.912086,48.619045,,
48.619068,48.626369,,
48.912086,48.633698,,
48.912086,48.648350,,
48.912086,48.655678,,
48.619068,48.648350,,
48.619068,48.648350,,
48.912086,48.663002,,
48.619068,48.663002,,
48.912086,48.677650,,
48.912086,48.684978,,
48.619068,48.684978,,
49.498169,48.714283,,
48.619068,48.721607,,
48.912086,48.736259,,
48.326000,48.736259,,
48.912086,48.736259,,
48.619068,48.728931,,
49.205151,48.743584,,
48.619068,48.736259,,
48.912086,48.743584,,
48.619068,48.743584,,
48.326000,48.728935,,
48.619068,48.728935,,
48.912086,48.736259,,
48.326000,48.728935,,
48.326000,48.736263,,
48.619068,48.736263,,
48.912086,48.743591,,
48.912086,48.758244,,
48.912086,48.765572,,
48.912086,48.765572,,
48.619068,48.765572,,
48.619068,48.765572,,
48.912086,48.765572,,
48.619068,48.765572,,
48.912086,48.765572,,
48.912086,48.765572,,
48.912086,48.765572,,
48.619068,48.765572,,
48.912086,48.765572,,
48.619068,48.758244,,
48.619068,48.750916,,
48.912086,48.758244,,
48.619068,48.758244,,
48.619068,48.750916,,
48.619068,48.750916,,
48.912086,48.750916,,
48.912086,48.750916,,
48.912086,48.758244,,
48.912086,48.743591,,
48.326000,48.736267,,
48.912086,48.736267,,
48.619068,48.743591,,
48.912086,48.743591,,
48.326000,48.736267,,
48.912086,48.743595,,
48.619068,48.736267,,
49.205151,48.736267,,
48.619068,48.736267,,
48.912086,48.736267,,
48.912086,48.743595,,
49.205151,48.765572,,
49.205151,48.794880,,
48.619068,48.802204,,
48.912086,48.809532,,
49.498169,48.824181,,
48.912086,48.824181,,
48.912086,48.824181,,
48.619068,48.816856,,
48.912086,48.824181,,
48.326000,48.816856,,
48.912086,48.816856,,
48.912086,48.824184,,
48.619068,48.816856,,
48.619068,48.809532,,
48.912086,48.809532,,
48.912086,48.816856,,
48.619068,48.809532,,
48.619068,48.809532,,
48.326000,48.802208,,
48.912086,48.802208,,
49.205151,48.816860,,
48.912086,48.824188,,
48.619068,48.824188,,
48.912086,48.824188,,
48.619068,48.816860,,
48.912086,48.816860,,
48.326000,48.802208,,
48.912086,48.816860,,
48.912086,48.816860,,
48.912086,48.824188,,
49.205151,48.831516,,
48.619068,48.838840,,
48.326000,48.824188,,
48.619068,48.824188,,
48.912086,48.816860,,
48.326000,48.809536,,
48.912086,48.809536,,
49.205151,48.816864,,
49.205151,48.816864,,
48.912086,48.816864,,
48.912086,48.816864,,
48.619068,48.802208,,
48.912086,48.809536,,
49.205151,48.816864,,
48.912086,48.802212,,
48.912086,48.802212,,
48.912086,48.809540,,
49.205151,48.831520,,
48.619068,48.824192,,
48.912086,48.824192,,
48.912086,48.831520,,
49.205151,48.846172,,
48.912086,48.846172,,
48.912086,48.846172,,
48.912086,48.853500,,
48.619068,48.853500,,
49.498169,48.882805,,
48.912086,48.882805,,
48.912086,48.875477,,
48.619068,48.868149,,
48.912086,48.875477,,
49.205151,48.882805,,
48.912086,48.890129,,
49.205151,48.897457,,
49.205151,48.919437,,
49.498169,48.934090,,
48.912086,48.934090,,
48.912086,48.934090,,
49.498169,48.941414,,
48.912086,48.948738,,
49.205151,48.970718,,
48.912086,48.978046,,
49.205151,48.985374,,
48.912086,49.000023,,
48.912086,49.000023,,
49.205151,49.000023,,
48.912086,48.992699,,
48.912086,48.992699,,
48.912086,48.992699,,
48.912086,49.000023,,
48.912086,49.000023,,
49.205151,49.000023,,
49.498169,49.014675,,
48.912086,49.014675,,
49.205151,49.022003,,
49.205151,49.029331,,
49.205151,49.036659,,
48.912086,49.029331,,
48.912086,49.036659,,
48.912086,49.036659,,
48.912086,49.036659,,
49.498169,49.043983,,
48.912086,49.043983,,
49.205151,49.058636,,
48.912086,49.043983,,
48.912086,49.043983,,
48.912086,49.043983,,
49.205151,49.058640,,
49.205151,49.065968,,
49.205151,49.065968,,
49.498169,49.080620,,
49.791237,49.095268,,
49.498169,49.102592,,
48.912086,49.087944,,
49.205151,49.095268,,
49.791237,49.117249,,
49.498169,49.117249,,
48.912086,49.117249,,
48.912086,49.109921,,
48.912086,49.109921,,
49.498169,49.117245,,
48.912086,49.117245,,
49.498169,49.131897,,
49.498169,49.139221,,
49.205151,49.146549,,
49.498169,49.161201,,
48.912086,49.161201,,
48.912086,49.161201,,
48.912086,49.161201,,
48.912086,49.153873,,
49.205151,49.146549,,
49.498169,49.161201,,
49.498169,49.168526,,
49.205151,49.168526,,
48.912086,49.161198,,
49.498169,49.175850,,
49.205151,49.183174,,
48.912086,49.183174,,
49.205151,49.190502,,
49.498169,49.205154,,
49.205151,49.212482,,
49.205151,49.205158,,
49.498169,49.219810,,
49.498169,49.227135,,
48.912086,49.227135,,
49.498169,49.241783,,
48.912086,49.241783,,
49.205151,49.241783,,
49.498169,49.241783,,
49.205151,49.227131,,
49.498169,49.227131,,
